82
73
70
70
30
22
0
0
87
65
86
69
102
109
116
32
16
0
0
0
1
0
1
0
196
10
0
0
196
10
0
0
1
0
8
0
100
97
116
97
249
21
0
0
142
223
191
89
59
133
215
221
72
32
58
177
224
198
85
33
85
193
211
160
35
116
169
224
179
38
33
76
222
212
142
38
40
133
210
116
57
35
86
199
183
165
63
42
182
221
153
69
36
89
218
222
100
55
51
180
220
205
41
47
106
200
213
144
37
63
194
221
158
79
45
110
193
178
80
37
66
169
216
195
76
33
142
180
223
162
56
50
133
219
187
110
50
152
199
224
152
46
62
131
224
160
106
37
77
187
220
127
70
41
180
200
142
61
32
106
173
219
84
42
54
118
221
177
68
32
79
221
222
93
32
72
102
213
200
70
38
114
155
212
142
34
64
184
222
202
67
37
50
207
219
145
33
53
151
224
166
80
40
61
216
220
148
76
82
161
220
196
142
33
47
147
221
187
35
68
159
199
183
91
42
97
206
223
160
35
32
96
197
204
65
34
44
174
222
162
44
50
106
211
222
57
45
46
165
223
158
68
73
170
182
184
126
35
77
213
224
107
76
51
142
215
186
89
48
47
211
220
202
57
63
139
194
214
111
37
45
202
221
172
86
35
116
181
200
141
38
76
148
222
156
83
55
167
220
216
103
57
105
203
217
188
58
35
104
198
223
153
40
39
175
224
148
51
41
65
174
218
115
33
55
195
222
123
67
32
68
211
193
131
63
45
124
219
178
69
33
150
206
179
107
33
41
174
218
162
56
36
81
179
206
90
48
80
171
203
171
85
49
57
198
219
133
33
45
181
222
215
114
38
95
168
222
122
61
69
120
221
202
57
35
74
159
214
118
42
45
164
224
172
69
48
66
209
224
179
40
47
142
224
162
102
34
81
215
202
163
42
54
146
223
207
104
42
138
202
221
126
46
56
143
224
190
51
38
51
148
222
156
52
38
167
223
170
57
43
58
152
214
188
49
45
170
216
203
80
33
83
169
222
141
70
32
161
200
201
77
36
100
173
219
130
57
32
112
211
214
131
35
67
210
224
126
64
56
156
209
218
76
38
60
191
224
122
41
32
160
224
202
67
32
46
146
224
138
39
53
104
213
223
153
50
83
169
220
167
94
34
155
212
175
89
33
100
204
210
206
42
40
165
211
210
85
49
62
202
224
133
50
39
83
216
224
100
33
82
200
212
142
61
55
120
167
224
84
39
92
132
224
158
118
37
91
164
214
153
64
41
123
216
212
60
32
108
215
216
122
41
36
154
221
144
96
33
112
211
219
158
33
35
110
210
208
69
35
56
220
204
107
70
82
191
218
149
56
33
64
190
224
182
32
40
125
217
188
68
42
131
198
199
153
46
32
109
224
200
51
40
142
196
209
89
61
43
140
224
157
130
39
74
146
219
158
73
35
182
223
194
54
43
109
206
220
179
44
36
101
205
156
136
38
47
184
220
103
72
32
112
217
219
53
35
62
138
224
194
50
61
150
192
220
70
38
82
142
209
168
71
55
81
184
187
90
32
98
199
214
177
42
42
117
182
178
119
32
96
136
220
154
60
65
155
222
223
149
52
100
211
221
192
45
32
80
219
214
91
32
79
193
221
140
35
56
77
201
215
94
33
95
155
220
201
44
32
106
211
221
96
37
43
194
214
188
91
37
73
202
224
160
32
48
175
212
179
51
47
101
215
224
77
56
47
190
224
144
78
32
63
214
217
125
35
35
144
221
153
106
34
66
163
218
107
33
60
114
224
205
108
36
69
173
223
144
48
40
132
219
158
73
35
73
164
189
106
40
45
116
224
134
114
33
88
161
209
142
32
47
160
208
192
116
40
132
183
210
158
42
79
158
216
203
86
32
77
197
208
148
51
33
95
212
201
71
47
133
190
224
110
35
63
165
199
177
91
37
53
213
223
178
40
77
143
224
215
51
32
101
142
209
122
83
47
120
220
202
103
42
63
139
203
131
34
33
176
224
189
99
37
109
156
220
120
44
56
148
212
205
66
36
113
204
210
150
45
74
125
183
171
85
37
124
151
219
146
64
32
77
209
220
81
38
108
196
222
191
34
33
167
195
213
150
32
46
125
219
177
49
35
138
176
172
80
32
102
163
223
154
60
32
88
209
220
83
36
38
173
215
137
37
33
165
171
198
85
35
104
202
223
199
93
33
66
175
204
70
44
56
205
212
156
38
47
93
215
222
144
33
63
152
224
145
63
35
117
206
224
99
33
48
201
220
134
76
32
76
174
222
102
32
75
106
221
137
53
39
92
214
203
158
53
67
151
224
203
112
45
129
220
224
167
70
51
121
220
212
129
33
127
179
224
150
62
54
189
224
214
91
42
97
188
189
106
46
83
109
218
148
51
36
101
180
196
180
36
59
179
217
170
57
33
92
219
219
158
42
39
170
216
194
69
45
72
213
212
94
88
38
155
209
212
71
32
93
200
220
163
53
34
159
224
210
73
42
117
151
219
166
37
45
129
224
208
100
41
44
215
223
136
48
50
113
220
176
150
48
125
194
223
165
91
33
104
206
219
119
50
116
136
208
167
100
34
148
223
201
89
36
40
154
215
187
45
50
165
217
222
68
33
53
176
208
140
40
35
116
213
218
88
34
82
148
218
168
77
50
147
217
222
163
35
50
207
210
188
46
57
124
223
172
112
32
72
116
224
154
65
32
155
222
186
136
34
93
200
223
197
57
35
98
214
183
91
39
85
151
214
126
46
32
102
181
195
81
32
60
168
212
136
77
33
147
217
187
150
35
68
112
221
198
58
33
144
219
219
133
34
83
163
224
195
81
38
142
212
223
115
44
50
106
222
197
110
32
86
199
217
145
49
53
164
219
166
93
41
61
150
223
173
55
38
95
222
216
122
34
127
220
216
90
45
50
125
217
193
131
42
53
182
203
153
43
72
181
223
212
114
41
95
191
218
108
48
34
133
215
150
84
34
105
171
221
145
79
45
158
213
166
74
35
77
175
212
127
60
56
180
224
180
142
34
87
179
217
182
37
32
165
189
188
98
42
85
138
219
146
99
33
89
181
208
70
32
76
205
218
115
95
40
87
215
223
78
34
112
211
223
183
98
39
131
222
223
93
34
45
209
223
167
36
44
114
223
205
108
32
55
140
223
130
72
33
112
194
214
79
39
57
151
216
189
106
33
89
192
215
161
38
82
135
220
205
77
36
81
167
222
157
48
40
125
224
131
39
33
104
198
211
146
64
52
123
206
127
81
56
135
161
205
102
34
59
127
222
202
90
50
139
194
221
118
32
91
164
219
146
80
48
56
201
204
167
51
38
135
220
180
129
33
75
173
224
170
32
86
183
224
210
98
35
53
182
208
119
43
48
123
222
161
60
33
114
205
223
136
56
33
106
208
176
96
35
68
146
219
165
32
79
131
193
178
59
45
48
187
218
127
38
56
161
212
186
136
48
133
167
219
96
78
34
118
223
203
118
42
73
170
222
160
86
48
83
220
173
127
33
88
135
223
136
77
64
179
224
197
123
33
54
214
221
145
85
32
104
224
166
80
32
52
187
215
167
34
32
108
215
223
83
33
75
204
213
130
72
37
152
183
222
131
34
117
193
222
184
40
61
136
197
223
76
33
114
121
223
186
41
32
113
204
182
96
48
54
132
222
158
98
33
110
223
208
166
64
89
163
223
141
81
36
135
222
218
102
34
38
173
223
192
90
46
159
177
193
152
33
85
151
223
178
50
32
66
209
185
154
44
76
108
216
149
71
34
100
204
182
90
33
68
146
219
183
104
32
124
202
199
80
32
56
197
206
215
100
34
101
220
216
142
41
69
100
223
210
84
33
80
207
224
158
63
37
131
221
189
93
37
143
187
200
127
51
82
174
220
156
52
32
75
200
197
116
53
63
189
221
188
111
42
57
151
221
189
33
56
89
192
212
94
40
47
205
224
115
56
40
87
190
219
84
39
118
211
198
152
73
33
138
224
208
99
32
123
150
215
141
60
71
121
196
186
89
36
106
215
202
187
78
32
139
189
207
63
33
62
151
224
106
93
39
163
181
185
60
40
47
191
209
149
36
32
154
204
210
144
34
80
194
217
198
35
37
151
221
178
146
35
77
206
215
120
55
41
155
174
175
122
61
87
133
217
157
84
33
105
203
214
104
53
45
124
222
140
93
45
136
222
185
141
47
65
148
218
142
66
32
127
184
213
130
37
105
189
214
198
68
37
138
210
189
74
32
52
109
224
200
100
32
65
215
201
122
48
87
160
216
137
90
34
86
207
198
104
63
85
104
221
160
54
32
123
220
224
167
60
44
128
220
216
71
36
133
167
216
84
53
33
118
219
198
111
45
110
221
219
86
80
56
175
209
148
60
41
101
212
223
168
61
55
179
211
197
57
33
139
165
203
125
68
45
131
222
166
133
39
123
175
223
134
38
60
168
215
201
52
32
120
167
219
137
32
32
139
219
219
58
39
79
206
222
140
69
41
169
201
212
100
36
108
215
222
180
41
38
179
223
187
67
35
92
214
222
111
42
39
144
224
217
112
39
66
192
208
107
47
32
76
218
196
61
32
87
179
223
110
57
33
146
214
223
68
39
49
131
222
189
50
33
96
197
173
114
32
76
196
215
115
41
34
113
200
197
144
33
74
177
224
207
63
33
73
206
211
112
32
83
197
209
195
70
60
142
205
218
168
32
64
133
223
202
48
32
159
165
188
104
37
73
182
210
133
119
32
72
222
224
114
34
71
191
205
142
71
40
75
204
202
78
42
35
105
224
152
58
32
151
202
184
172
59
77
192
223
200
114
44
128
180
224
149
32
81
160
224
202
62
40
92
194
219
158
37
85
188
224
203
64
37
56
169
224
127
76
76
168
222
191
71
43
93
173
192
187
57
86
125
211
217
53
39
73
216
221
133
43
61
89
220
220
60
34
121
161
218
95
89
32
87
223
187
137
35
92
146
221
183
37
32
104
202
219
64
33
102
197
222
167
44
32
95
185
156
56
48
75
195
224
123
53
37
105
223
165
79
35
124
158
223
106
74
33
169
187
215
94
44
88
200
223
142
41
32
133
184
202
72
35
68
152
221
118
58
67
91
182
217
119
37
52
192
216
173
81
32
76
215
218
149
61
50
173
216
206
39
32
152
221
177
152
35
57
131
224
160
93
36
163
206
195
127
65
47
191
222
205
66
32
133
208
192
84
53
37
194
223
210
42
35
110
210
194
86
43
36
181
220
141
88
47
71
174
186
175
34
75
147
221
130
84
33
68
189
221
85
58
42
144
224
208
50
37
96
156
200
107
60
65
155
222
180
48
32
81
195
223
90
45
40
139
224
193
118
42
104
182
224
166
43
45
169
201
154
70
38
128
168
216
136
71
32
173
224
197
137
33
58
207
219
165
33
67
182
198
214
69
35
116
192
223
134
34
56
142
209
175
102
32
127
211
202
96
35
32
86
194
210
145
34
67
188
203
172
64
66
116
197
195
65
34
101
196
223
156
33
32
106
215
192
62
33
68
199
223
118
58
39
124
198
221
146
36
52
206
218
120
34
32
114
224
191
66
34
40
184
221
157
45
43
132
207
219
118
58
79
210
216
203
37
32
72
223
222
70
55
56
180
223
149
52
34
81
221
221
96
33
40
207
211
131
42
35
117
224
217
86
34
89
192
209
190
55
34
161
218
205
142
48
100
160
219
206
45
37
152
223
210
165
58
79
193
206
146
40
32
123
192
223
94
33
44
168
222
209
122
33
81
190
222
163
45
74
125
224
183
85
35
73
206
223
126
32
72
169
218
154
70
51
56
180
186
102
44
64
140
220
206
90
42
92
183
188
131
33
45
144
223
140
80
45
116
201
190
100
32
60
135
220
149
136
38
87
195
221
123
32
33
139
211
145
79
35
57
193
203
106
34
35
143
224
218
60
41
60
148
222
108
52
40
140
200
216
62
32
63
211
219
152
39
37
124
219
160
69
46
61
175
208
161
76
47
128
224
162
66
33
100
211
220
170
96
63
132
207
217
98
39
45
138
219
166
93
39
169
206
222
94
36
60
128
220
196
44
38
140
221
197
90
35
86
207
224
193
98
49
97
219
194
106
32
72
169
224
120
70
33
88
218
180
66
48
93
179
224
163
67
43
139
194
223
79
39
91
131
213
126
40
61
150
169
208
70
36
95
121
212
129
61
33
93
217
224
137
33
63
159
223
193
39
57
110
223
214
133
54
41
192
223
173
47
34
108
180
209
162
71
69
167
215
187
62
34
68
171
223
138
42
37
170
202
211
43
52
56
197
195
161
32
82
168
200
191
48
36
87
208
224
123
32
80
125
224
198
46
39
73
213
223
133
34
66
109
220
200
88
33
60
218
212
175
41
81
173
224
192
110
33
63
177
198
98
35
79
104
221
178
54
33
77
206
204
134
81
76
88
220
218
102
38
59
215
213
157
72
35
165
189
183
85
33
131
176
224
106
37
41
89
220
218
94
36
65
200
222
122
77
50
81
224
187
57
48
118
183
221
171
91
62
91
206
194
59
33
123
150
224
134
94
51
114
223
209
122
38
93
167
217
137
48
32
80
224
207
158
58
45
206
224
160
64
33
163
197
218
100
36
56
185
209
156
83
32
113
173
176
103
48
68
118
217
171
63
39
131
198
224
119
64
83
116
212
148
40
36
82
191
191
71
44
87
120
224
182
53
32
68
203
203
158
39
73
193
219
184
43
41
77
218
222
148
70
47
148
218
196
102
50
140
195
216
116
42
43
199
211
145
125
32
124
210
224
80
40
41
163
220
141
81
32
76
155
201
168
52
47
190
200
150
103
33
92
211
224
165
32
57
124
219
146
112
43
116
216
223
185
40
56
148
196
168
48
40
55
179
224
137
42
37
171
224
165
104
46
110
219
223
184
33
45
175
224
215
120
47
95
209
220
191
32
47
120
200
182
84
35
54
171
223
111
63
35
85
224
199
93
36
102
197
222
148
33
47
161
223
162
129
52
75
133
223
103
78
37
118
224
171
104
35
117
198
217
106
54
56
123
224
208
81
38
76
168
222
175
95
36
106
204
176
103
33
98
132
221
177
73
42
158
193
194
69
46
52
169
212
161
81
38
128
205
224
89
34
59
127
223
192
90
54
105
171
214
85
53
104
151
222
194
46
34
163
181
220
100
55
65
185
216
149
52
33
81
208
222
84
33
92
189
223
193
53
57
138
221
199
112
32
56
192
209
127
114
34
95
168
201
115
32
64
184
224
130
48
34
132
199
193
145
33
42
110
223
146
46
32
129
201
218
94
32
34
174
212
191
102
43
147
208
206
90
35
58
139
224
198
91
33
91
198
194
166
54
56
143
213
179
51
44
88
155
216
136
34
36
154
220
157
72
33
74
171
193
165
73
39
164
224
172
140
34
129
175
218
167
76
41
174
222
162
136
34
59
173
197
144
39
68
98
223
219
73
33
104
151
223
146
50
66
150
224
195
55
47
82
161
223
136
77
47
113
224
219
144
40
50
146
221
193
58
49
164
223
184
106
32
123
181
223
127
81
32
121
218
196
149
52
55
195
224
123
37
35
74
217
188
125
35
49
210
224
160
86
33
72
223
185
141
34
82
185
209
205
71
36
127
179
197
163
35
86
165
223
193
53
33
73
202
219
146
34
66
156
218
134
44
32
121
220
175
77
41
40
190
211
202
84
50
118
211
183
111
68
85
170
223
194
93
33
77
163
224
148
55
65
191
222
149
56
47
133
179
182
170
35
40
125
219
203
73
53
91
206
211
106
46
83
192
223
200
55
36
101
205
205
142
34
87
100
208
150
90
32
146
214
188
165
73
45
151
223
140
86
32
143
175
212
88
38
38
148
196
149
95
34
140
190
224
182
42
34
98
223
207
104
35
124
176
194
93
69
66
150
223
185
70
34
76
168
220
149
41
36
140
204
210
78
40
118
159
223
104
68
79
144
198
166
80
32
61
136
223
167
44
76
101
224
162
102
44
106
179
220
110
45
32
171
183
222
58
32
67
182
214
199
43
52
123
218
212
141
36
114
148
224
175
95
40
160
224
187
116
42
92
207
210
198
63
32
97
224
219
153
34
56
163
218
127
51
34
135
191
201
95
33
55
154
217
137
67
33
146
189
183
79
33
53
158
217
172
59
45
163
209
200
107
33
95
128
215
196
48
32
160
217
223
84
33
105
171
224
203
68
35
73
202
211
153
35
35
143
224
190
65
32
71
222
205
108
34
75
190
224
206
84
46
68
189
183
98
58
97
110
221
189
86
37
89
206
185
161
51
41
128
212
216
83
34
133
200
192
84
39
34
189
223
145
91
33
57
219
211
178
35
45
102
209
208
114
36
121
196
218
122
32
59
154
222
182
103
46
86
199
210
125
68
33
117
224
189
93
33
116
201
215
179
55
47
128
218
205
66
33
106
184
213
96
48
74
105
224
219
98
49
110
151
222
184
40
33
109
224
195
60
51
71
191
220
115
83
34
81
223
176
72
45
63
146
223
125
46
53
144
222
172
86
46
83
143
208
195
70
44
121
223
201
136
32
47
190
221
187
90
32
86
194
165
158
37
39
210
222
160
40
61
89
218
167
65
55
44
191
212
201
66
55
167
173
206
78
34
98
203
221
203
63
33
151
223
223
74
40
56
143
218
148
70
44
161
180
222
102
32
93
154
211
206
84
50
80
219
203
171
32
97
158
219
203
50
52
143
187
223
120
44
56
200
224
129
77
33
133
215
216
176
67
80
171
203
177
58
37
73
216
224
86
32
33
143
209
179
120
40
142
222
222
115
71
38
100
221
210
45
32
146
211
214
131
35
33
176
221
217
54
39
143
169
195
120
76
38
174
224
216
89
36
133
179
202
163
32
35
171
194
177
79
33
62
210
223
146
86
33
136
224
215
70
34
47
185
196
186
38
55
147
217
187
103
45
63
189
217
104
33
32
151
221
199
112
33
96
216
220
120
47
71
88
205
222
95
34
59
154
224
157
42
43
118
224
158
85
46
85
170
203
178
43
41
96
222
223
141
55
114
205
218
168
95
43
173
200
163
123
45
86
211
222
198
73
32
91
176
172
80
40
102
197
223
173
76
33
101
212
209
95
34
100
127
224
157
96
40
68
214
183
118
37
42
117
219
140
86
34
102
222
185
100
34
108
121
223
175
108
55
106
220
224
144
33
40
177
223
145
58
33
85
193
184
126
40
56
201
216
134
120
32
135
191
209
129
71
64
167
224
192
78
40
146
159
224
111
33
97
117
219
166
86
45
77
169
208
161
32
76
142
200
209
102
43
106
184
223
144
32
86
152
224
165
131
33
53
188
219
184
74
83
150
216
200
120
38
76
180
205
142
48
34
184
224
157
72
46
139
171
217
118
49
73
110
198
219
126
32
89
181
224
190
34
56
135
205
168
61
38
81
217
206
187
72
68
125
217
152
53
35
91
213
223
184
64
35
136
192
220
134
41
108
200
201
102
33
32
179
217
221
123
37
112
132
219
125
79
32
104
188
203
112
35
116
169
223
200
81
32
76
222
223
95
36
50
190
224
197
57
32
165
219
177
79
33
85
193
219
178
59
56
72
213
212
70
32
114
180
216
168
61
32
133
224
206
116
32
40
203
211
165
53
39
110
198
203
74
33
109
123
224
204
65
44
76
220
216
77
48
36
133
211
123
116
35
63
183
224
104
37
42
131
210
189
119
36
102
187
200
88
51
60
155
220
142
41
38
69
167
210
144
53
58
118
224
214
125
33
62
221
194
140
64
48
143
224
190
44
47
148
185
223
89
61
36
154
221
192
110
39
139
203
221
118
34
42
170
210
140
64
37
89
206
195
134
38
60
185
205
196
108
36
133
190
206
157
45
43
183
223
158
131
35
117
164
221
153
33
36
150
213
220
88
38
65
142
224
129
61
55
87
224
202
144
33
105
214
198
98
34
67
164
219
203
133
32
116
163
208
190
60
34
95
222
209
56
33
100
133
221
144
39
50
171
224
219
131
33
42
170
223
133
93
56
156
216
215
148
32
41
128
220
162
48
59
120
179
213
90
33
54
171
214
152
58
33
110
222
214
112
40
83
181
222
167
70
36
76
205
168
83
32
93
195
216
137
37
33
105
207
219
165
35
85
131
216
146
74
34
102
181
190
76
65
76
180
220
136
89
36
69
220
197
90
35
92
112
223
198
73
53
85
210
224
160
32
41
192
220
161
120
41
101
223
222
136
66
100
147
208
157
72
32
132
219
222
125
46
37
164
219
211
46
33
89
169
224
134
40
44
180
220
162
89
34
113
167
219
157
39
92
139
199
145
49
33
73
213
217
126
37
33
181
220
215
55
44
51
196
212
149
38
69
154
224
206
57
32
105
214
224
152
46
45
97
224
219
99
46
136
192
200
154
33
36
180
223
201
77
32
127
160
220
103
72
34
152
207
165
58
42
73
206
222
133
40
32
136
224
212
127
36
76
148
223
136
48
34
140
223
213
110
37
105
146
207
177
58
57
144
193
184
140
39
116
181
220
107
88
56
161
223
218
115
56
59
140
224
150
42
35
125
224
171
104
35
39
198
223
189
40
33
83
175
167
94
33
114
185
212
186
38
59
93
179
187
157
32
63
183
217
165
53
35
110
223
224
119
33
48
206
222
195
65
56
114
220
180
83
56
43
127
208
210
62
37
152
217
221
125
49
79
117
223
146
54
32
116
201
224
88
34
44
200
212
196
83
33
75
215
224
123
53
54
194
214
214
46
37
104
202
224
80
50
66
143
201
179
76
34
56
218
223
149
33
93
160
223
163
67
35
146
199
221
118
46
35
144
222
194
93
39
96
192
223
161
47
60
168
220
149
129
47
59
220
216
170
78
37
177
199
203
125
39
49
206
222
133
74
56
136
209
161
60
44
47
200
220
186
83
38
106
211
213
103
33
98
207
224
111
39
67
97
193
189
74
46
48
192
212
114
88
56
174
215
220
129
33
43
173
222
103
78
32
146
189
158
131
32
110
206
224
126
35
66
96
216
179
134
32
71
185
223
196
77
64
120
200
182
78
57
112
199
223
145
79
62
97
188
189
112
32
116
156
216
134
76
41
82
180
222
77
44
59
184
216
137
78
32
132
171
219
98
34
53
206
213
146
99
33
150
197
224
114
47
41
185
224
201
108
32
75
195
176
116
53
54
177
224
165
46
33
131
176
224
140
32
52
201
224
190
44
51
142
185
222
95
33
55
200
223
130
78
34
132
194
217
165
33
62
170
223
203
50
48
77
213
222
154
65
65
155
222
201
115
32
93
215
224
182
37
33
112
224
183
79
39
124
198
224
178
32
89
192
224
215
127
38
51
209
224
122
34
55
133
223
206
103
37
92
171
210
177
33
35
97
198
166
59
35
116
218
222
114
55
82
88
222
186
108
32
64
154
216
130
37
37
112
211
207
58
35
62
193
211
112
34
48
89
201
167
107
32
108
155
222
180
95
59
81
211
213
130
32
118
132
217
125
35
73
85
216
172
86
39
123
213
218
161
70
32
88
223
201
61
38
64
160
221
163
78
37
112
199
221
118
34
57
188
224
172
43
56
150
222
204
107
32
41
142
223
186
44
32
69
195
206
67
32
86
171
224
125
73
35
85
221
208
133
32
39
116
224
154
60
56
128
209
220
168
32
40
140
220
170
67
46
146
219
177
158
33
35
131
206
160
43
36
72
206
208
154
47
76
161
212
186
83
36
59
208
187
170
33
98
165
223
198
79
39
91
188
223
93
43
77
181
216
212
127
36
88
220
220
168
41
87
167
220
202
53
50
86
159
224
125
68
39
144
216
199
86
35
52
206
224
107
51
41
168
224
212
129
38
106
215
219
176
37
80
112
223
210
58
39
91
188
199
184
46
52
163
206
220
127
36
135
180
196
162
77
40
147
223
192
110
42
54
152
214
152
85
57
97
224
194
93
40
109
187
220
161
40
32
142
224
201
83
38
87
160
213
123
33
40
125
219
171
152
46
124
213
224
126
35
48
109
209
204
88
34
121
161
224
115
56
50
81
211
222
90
32
112
189
219
125
63
37
151
223
219
160
59
45
136
222
204
65
44
76
191
218
149
41
93
147
219
163
62
46
146
223
222
85
49
37
131
216
199
40
32
163
216
185
134
51
41
168
220
191
115
38
160
221
224
103
45
37
165
223
171
42
34
97
164
217
99
64
72
136
224
204
81
38
76
185
212
156
48
75
147
204
187
78
46
80
219
210
177
53
62
151
213
203
54
35
66
213
220
134
34
47
101
205
175
83
47
59
190
216
176
32
63
189
224
217
98
39
110
151
211
140
59
52
169
223
200
107
33
108
215
205
95
33
34
179
221
163
53
42
105
177
214
98
58
67
104
221
178
69
35
66
216
218
185
40
34
168
224
205
129
36
69
167
224
187
48
40
165
217
203
145
39
85
176
203
194
54
45
96
218
167
127
44
44
196
218
175
33
59
100
221
219
84
35
118
165
223
138
42
39
110
202
221
106
46
66
209
223
114
94
71
82
205
180
95
34
55
140
223
192
72
32
159
224
219
85
58
79
188
213
203
93
56
96
213
204
100
40
60
161
209
205
71
50
127
195
176
157
42
105
183
222
171
98
62
158
202
184
133
43
89
123
212
208
88
36
108
220
180
115
32
69
190
208
176
90
32
159
183
210
152
35
104
124
214
208
106
39
72
169
204
173
33
60
142
223
129
83
40
113
217
210
137
32
40
183
217
198
58
37
91
198
184
80
34
48
102
224
173
94
47
108
205
223
0
